[gd_scene load_steps=5 format=3 uid="uid://di6dwlhmixhpr"]

[ext_resource type="PackedScene" uid="uid://c27j7e6v7aebf" path="res://levels/platform.tscn" id="1_444ja"]
[ext_resource type="PackedScene" uid="uid://bk6pgi6tept6n" path="res://environment/plant_1.tscn" id="2_qrqwr"]
[ext_resource type="PackedScene" uid="uid://se1rsqcerqs" path="res://environment/plant_2.tscn" id="3_yssad"]
[ext_resource type="PackedScene" uid="uid://bftxj5twxng22" path="res://environment/tree_1.tscn" id="4_abnty"]

[node name="platform_2" type="Node3D"]

[node name="platform2" parent="." instance=ExtResource("1_444ja")]
transform = Transform3D(1, 0, 0, 0, 1, 0, 0, 0, 1, -0.535774, 0, -65.4852)

[node name="plant1" parent="." instance=ExtResource("2_qrqwr")]
transform = Transform3D(-0.122545, 0, -0.992463, 0, 1, 0, 0.992463, 0, -0.122545, -6.8491, 0.0590066, -72.7316)

[node name="plant3" parent="." instance=ExtResource("2_qrqwr")]
transform = Transform3D(-0.122545, 0, -0.992463, 0, 1, 0, 0.992463, 0, -0.122545, -7.24404, 0.0590066, -72.052)

[node name="plant4" parent="." instance=ExtResource("2_qrqwr")]
transform = Transform3D(-0.122545, 0, -0.992463, 0, 1, 0, 0.992463, 0, -0.122545, 5.51238, 0.0590066, -72.052)

[node name="plant5" parent="." instance=ExtResource("2_qrqwr")]
transform = Transform3D(0.601954, 0, -0.79853, 0, 1, 0, 0.79853, 0, 0.601954, 5.51238, 0.0590066, -72.9696)

[node name="plant2" parent="." instance=ExtResource("3_yssad")]
transform = Transform3D(0.863285, -0.0375005, -0.503321, 0.0362376, 0.999268, -0.0122976, 0.503413, -0.0076228, 0.864012, -8.54394, -0.0100999, -72.8118)

[node name="plant6" parent="." instance=ExtResource("2_qrqwr")]
transform = Transform3D(-0.999239, 0, 0.0389982, 0, 1, 0, -0.0389982, 0, -0.999239, -9.16662, 0.0590066, -57.5728)

[node name="plant7" parent="." instance=ExtResource("3_yssad")]
transform = Transform3D(-0.429347, 0.00445546, -0.903129, 0.0362376, 0.999268, -0.0122976, 0.902412, -0.0380071, -0.429194, -8.51835, -0.0100999, -58.9318)

[node name="tree1" parent="." instance=ExtResource("4_abnty")]
transform = Transform3D(0.567959, 0, -0.823057, 0, 1, 0, 0.823057, 0, 0.567959, -3.04919, -0.0100994, -71.8845)

[node name="tree2" parent="." instance=ExtResource("4_abnty")]
transform = Transform3D(0.567959, 0, -0.823057, 0, 1, 0, 0.823057, 0, 0.567959, 9.34982, -0.0100994, -65.2171)
